	A[C>A]A	A[C>A]C	A[C>A]G	A[C>A]T	C[C>A]A	C[C>A]C	C[C>A]G	C[C>A]T	G[C>A]A	G[C>A]C	G[C>A]G	G[C>A]T	T[C>A]A	T[C>A]C	T[C>A]G	T[C>A]T	A[C>G]A	A[C>G]C	A[C>G]G	A[C>G]T	C[C>G]A	C[C>G]C	C[C>G]G	C[C>G]T	G[C>G]A	G[C>G]C	G[C>G]G	G[C>G]T	T[C>G]A	T[C>G]C	T[C>G]G	T[C>G]T	A[C>T]A	A[C>T]C	A[C>T]G	A[C>T]T	C[C>T]A	C[C>T]C	C[C>T]G	C[C>T]T	G[C>T]A	G[C>T]C	G[C>T]G	G[C>T]T	T[C>T]A	T[C>T]C	T[C>T]G	T[C>T]T	A[T>A]A	A[T>A]C	A[T>A]G	A[T>A]T	C[T>A]A	C[T>A]C	C[T>A]G	C[T>A]T	G[T>A]A	G[T>A]C	G[T>A]G	G[T>A]T	T[T>A]A	T[T>A]C	T[T>A]G	T[T>A]T	A[T>C]A	A[T>C]C	A[T>C]G	A[T>C]T	C[T>C]A	C[T>C]C	C[T>C]G	C[T>C]T	G[T>C]A	G[T>C]C	G[T>C]G	G[T>C]T	T[T>C]A	T[T>C]C	T[T>C]G	T[T>C]T	A[T>G]A	A[T>G]C	A[T>G]G	A[T>G]T	C[T>G]A	C[T>G]C	C[T>G]G	C[T>G]T	G[T>G]A	G[T>G]C	G[T>G]G	G[T>G]T	T[T>G]A	T[T>G]C	T[T>G]G	T[T>G]T
STE0072C12_STE0072SC12A	24	10	2	17	18	6	3	8	23	8	2	17	20	15	3	17	1	2	2	7	3	1	1	5	7	0	1	1	4	6	0	3	22	5	12	13	6	4	4	10	6	5	9	6	15	15	3	13	1	2	1	4	3	5	3	0	1	1	3	4	6	4	0	5	9	1	2	6	4	3	4	6	6	0	4	3	9	1	1	4	1	0	4	5	1	2	1	6	2	1	1	0	2	1	2	1
STE0072C23_STE0072SC23B	19	7	1	12	11	6	2	13	10	2	1	10	13	7	1	23	10	4	0	2	6	0	0	2	3	3	1	1	6	2	1	9	10	5	9	7	11	6	5	8	2	7	5	5	3	14	5	12	3	0	2	2	3	1	2	4	0	1	1	0	8	4	0	10	5	1	6	2	1	2	2	4	3	1	0	1	7	0	2	3	1	2	1	3	1	1	0	3	0	0	0	0	3	1	2	4
STE0072C31_STE0072SC31A	11	3	2	8	6	5	1	10	13	4	2	7	5	4	1	14	4	1	0	5	1	1	0	5	3	2	0	2	5	2	0	6	4	4	8	8	2	3	4	8	3	3	10	3	5	1	2	11	4	2	2	5	2	2	2	2	2	5	1	1	5	4	1	4	8	2	4	6	4	3	4	3	1	0	3	2	3	3	2	4	6	1	4	1	0	0	1	4	0	3	0	2	2	0	3	4
STE0076C12_STE0076SC12C	22	5	1	14	18	7	1	15	15	2	1	16	23	7	0	30	2	4	0	1	2	2	0	2	2	0	0	2	3	4	1	6	8	4	11	8	7	4	12	7	3	2	4	3	9	2	7	13	6	1	0	2	0	3	1	1	3	0	1	2	1	4	1	8	11	4	1	1	4	3	1	6	6	0	3	4	4	4	2	7	0	1	0	3	0	0	2	4	1	0	2	3	4	1	4	7
STE0076C23_STE0076SC23A	22	6	2	16	18	5	4	22	31	7	3	18	15	11	0	41	3	2	1	1	1	3	1	5	7	2	0	3	2	5	0	10	10	4	16	13	6	2	9	9	7	10	4	9	12	4	4	10	2	0	2	9	5	0	2	4	5	1	2	3	4	4	2	8	11	4	4	15	3	3	3	5	3	0	3	4	6	4	8	3	2	3	2	4	0	0	1	2	4	1	1	1	5	2	1	7
STE0076C32_STE0076SC32A	19	10	2	11	10	7	3	13	23	9	2	9	6	12	1	29	3	3	1	3	0	3	0	1	1	5	1	1	3	1	0	8	12	5	8	6	10	7	9	8	12	3	7	1	14	12	7	12	5	3	2	5	2	0	2	9	2	0	1	3	6	1	3	9	11	1	2	5	3	3	4	6	4	1	3	2	7	4	3	10	1	0	1	2	3	1	2	2	2	1	2	3	4	3	3	3
STE072-control-p17_5-FU-1	12	4	0	5	8	3	2	9	8	5	0	8	12	5	2	20	5	3	0	4	0	6	1	2	3	2	0	3	5	1	0	19	9	8	7	5	9	5	6	5	6	5	4	3	10	12	3	9	6	0	4	10	1	10	6	12	2	3	0	6	14	3	3	11	14	1	5	3	4	19	4	34	2	3	1	6	7	5	0	4	3	1	2	11	0	8	2	54	0	1	1	18	2	1	6	8
STE072-control-p17_5-FU-2	12	9	1	7	13	7	2	10	3	5	1	6	15	8	0	18	7	5	0	7	6	1	0	7	2	2	0	1	14	4	0	20	10	4	9	4	7	5	7	5	7	1	8	6	17	12	3	18	5	2	3	3	4	11	3	9	2	0	0	1	13	1	3	10	7	1	5	2	5	12	7	12	9	6	0	3	8	0	4	2	2	1	1	9	7	8	5	105	0	3	3	26	1	5	5	9
HMF_Patient_X	91	80	25	84	103	72	28	124	59	44	14	59	139	96	20	159	78	52	19	73	39	42	26	74	29	35	6	46	322	115	19	405	136	69	267	105	162	102	191	135	127	76	227	93	362	191	153	286	69	45	42	90	37	43	44	49	25	19	32	38	107	39	38	92	158	70	134	148	98	59	68	99	100	64	85	75	109	92	65	101	36	30	41	58	28	33	50	109	22	14	28	56	33	38	51	94
HMF_Patient_Y	318	254	58	269	277	276	54	272	227	161	40	174	263	228	34	347	205	118	150	222	182	140	100	207	92	113	67	165	261	220	65	531	270	132	235	207	170	136	177	223	202	141	182	162	293	189	113	239	109	92	129	188	122	159	150	224	65	76	101	132	173	95	87	269	225	128	183	286	118	195	124	169	112	89	88	165	141	150	90	185	76	28	109	74	55	73	113	113	54	25	111	90	92	63	114	154
